helység 1	helység2	táv	útdíj	fogyasztás
1	2	21	42	0,770
1	833	16	48	1,320
2	3	5	10	1,480
2	236	22	44	1,350
3	4	4	8	1,120
3	349	3	9	0,860
4	5	25	75	1,430
4	807	25	50	0,880
5	6	6	18	1,330
5	824	11	11	1,170
6	7	23	46	0,750
6	943	25	25	1,290
7	8	4	4	0,820
7	518	3	9	0,850
8	9	19	19	1,390
8	966	6	12	1,190
9	10	23	46	0,950
9	964	9	27	0,760
10	11	23	23	1,300
10	851	19	38	1,380
11	12	13	39	0,780
11	769	17	34	1,340
12	13	19	38	0,950
12	764	11	33	1,130
13	14	4	8	0,940
13	84	14	42	1,090
14	15	10	30	1,100
14	730	18	54	0,990
15	16	7	7	1,180
15	373	18	54	1,250
16	17	10	30	1,140
16	936	15	15	0,970
17	18	20	60	1,230
17	155	19	38	0,970
18	19	17	51	0,830
18	898	17	17	1,370
19	20	19	57	1,060
19	509	15	15	1,240
20	21	18	18	1,330
20	84	17	51	1,010
21	22	18	18	0,800
21	79	5	5	0,950
22	23	1	2	1,080
22	725	20	20	1,310
23	24	15	45	1,400
23	115	24	24	1,170
24	25	24	72	1,290
24	231	14	42	1,380
25	26	7	7	0,930
25	128	4	8	1,220
26	27	25	25	1,440
26	825	1	1	0,820
27	28	23	23	0,900
27	265	23	69	1,160
28	29	2	4	1,380
28	835	3	6	1,150
29	30	11	22	0,800
29	880	12	36	1,410
30	31	16	16	1,430
30	93	22	66	1,500
31	32	9	18	1,330
31	250	5	5	1,020
32	33	5	15	0,910
32	70	4	4	0,760
33	34	8	8	1,060
33	422	24	72	0,820
34	35	10	30	0,870
34	386	2	2	0,870
35	36	4	8	1,250
35	875	6	18	0,780
36	37	7	7	1,370
36	280	23	46	0,970
37	38	1	2	1,350
37	46	16	32	1,490
38	39	9	27	0,800
38	680	12	24	1,210
39	40	14	28	0,820
39	514	7	14	1,340
40	41	19	19	1,430
40	699	23	23	0,820
41	42	24	24	0,780
41	351	5	10	1,190
42	43	8	16	1,460
42	59	13	39	1,410
43	44	7	7	1,020
43	230	20	20	1,330
44	45	17	17	1,380
44	256	9	18	0,830
45	46	11	33	1,040
45	251	19	57	1,490
46	47	13	13	0,950
46	313	15	45	0,960
47	48	13	39	0,980
47	754	23	23	0,920
48	49	17	17	1,150
48	948	21	63	1,340
49	50	21	63	1,460
49	514	5	5	1,340
50	51	18	18	0,990
50	552	13	26	1,500
51	52	24	72	1,050
51	932	7	14	1,140
52	53	4	12	1,270
52	264	4	8	0,990
53	54	10	10	1,450
53	224	12	12	0,770
54	55	3	6	0,760
54	829	17	51	1,270
55	56	1	3	1,160
55	855	24	24	1,130
56	57	7	21	1,090
56	276	1	1	1,300
57	58	12	36	0,830
57	151	8	8	0,950
58	59	20	20	1,350
58	913	25	25	0,750
59	60	11	22	1,440
59	323	24	72	1,440
60	61	19	19	1,220
60	461	13	39	1,330
61	62	17	51	1,300
61	180	12	36	1,100
62	63	21	42	0,940
62	912	11	11	1,180
63	64	12	24	0,800
63	371	8	8	1,130
64	65	18	36	1,340
64	65	6	6	1,350
65	66	19	57	1,460
65	483	23	23	1,360
66	67	21	63	1,370
66	244	18	18	0,970
67	68	23	46	0,920
67	707	16	48	0,820
68	69	21	63	1,450
68	909	3	9	0,870
69	70	18	18	0,800
69	858	12	12	0,880
70	71	23	23	0,950
70	684	6	12	1,370
71	72	22	66	0,760
71	997	20	60	0,900
72	73	21	63	1,350
72	652	12	24	1,250
73	74	4	12	0,780
73	651	5	5	1,470
74	75	8	8	0,790
74	462	6	6	0,910
75	76	21	42	0,870
75	298	25	25	0,980
76	77	15	30	0,990
76	368	1	2	1,200
77	78	17	34	1,340
77	643	20	40	1,210
78	79	19	19	0,790
78	501	23	69	1,020
79	80	7	14	1,080
79	645	10	20	1,260
80	81	7	7	1,380
80	996	24	24	0,770
81	82	18	18	1,130
81	224	21	21	0,820
82	83	23	23	1,080
82	594	1	3	1,470
83	84	9	9	1,240
83	503	17	51	1,340
84	85	22	44	1,020
84	822	18	36	0,810
85	86	2	2	0,960
85	163	20	60	0,780
86	87	5	10	1,280
86	640	8	8	1,240
87	88	12	12	1,350
87	656	15	30	1,240
88	89	25	75	1,400
88	343	23	23	0,930
89	90	2	6	1,020
89	229	3	3	1,180
90	91	17	51	0,750
90	280	16	32	1,210
91	92	21	21	1,440
91	359	22	44	0,930
92	93	4	12	1,080
92	439	14	28	1,070
93	94	13	39	1,480
93	580	21	63	0,920
94	95	15	30	1,290
94	512	23	69	1,480
95	96	9	9	1,040
95	815	20	40	0,990
96	97	25	75	1,230
96	499	8	24	0,750
97	98	8	24	1,500
97	529	8	8	1,190
98	99	19	19	0,990
98	858	23	46	1,470
99	100	20	40	0,820
99	350	2	4	0,970
100	101	17	51	0,890
100	563	25	25	1,360
101	102	24	24	1,480
101	933	23	69	1,030
102	103	8	24	0,980
102	903	21	42	1,440
103	104	18	18	0,960
103	924	3	6	1,500
104	105	9	9	0,860
104	518	16	16	1,200
105	106	10	20	0,870
105	299	13	39	1,470
106	107	18	36	1,230
106	273	21	21	1,410
107	108	9	9	1,230
107	696	8	16	0,940
108	109	10	20	1,160
108	227	18	18	1,070
109	110	13	13	0,870
109	489	20	40	0,980
110	111	9	27	0,990
110	963	6	6	0,930
111	112	21	21	1,130
111	922	10	30	1,180
112	113	22	44	0,860
112	489	21	42	1,330
113	114	14	28	0,970
113	661	25	75	0,980
114	115	6	12	1,100
114	289	20	40	1,030
115	116	8	24	0,990
115	441	18	54	0,850
116	117	14	28	1,260
116	782	4	12	0,910
117	118	25	75	0,770
117	595	16	48	1,440
118	119	11	33	1,040
118	839	13	13	0,940
119	120	3	9	1,430
119	486	15	15	0,790
120	121	2	6	0,810
120	449	24	24	1,000
121	122	12	12	1,140
121	706	18	36	0,990
122	123	3	3	1,260
122	919	21	21	0,980
123	124	4	12	0,900
123	590	9	18	1,300
124	125	20	40	1,260
124	532	18	18	0,920
125	126	18	18	1,440
125	388	21	21	1,160
126	127	9	27	1,170
126	519	1	3	1,320
127	128	24	48	1,390
127	566	11	11	1,350
128	129	16	48	1,280
128	893	25	25	1,440
129	130	19	38	1,040
129	842	19	19	0,780
130	131	1	3	1,460
130	879	22	44	1,220
131	132	16	16	1,030
131	267	15	30	1,140
132	133	7	7	1,470
132	147	18	36	1,240
133	134	2	6	1,200
133	737	17	17	0,910
134	135	21	42	0,760
134	366	4	8	1,390
135	136	12	24	1,380
135	849	15	15	1,500
136	137	24	72	1,070
136	909	4	12	1,500
137	138	22	22	1,420
137	408	9	27	1,140
138	139	19	19	1,420
138	852	22	22	1,480
139	140	1	1	0,870
139	485	25	50	1,140
140	141	1	2	1,040
140	979	1	3	1,080
141	142	2	2	1,360
141	825	7	21	1,220
142	143	17	51	1,270
142	509	14	14	1,400
143	144	18	18	1,370
143	500	15	30	1,380
144	145	13	39	1,490
144	675	25	75	1,450
145	146	15	15	0,810
145	331	12	24	1,010
146	147	6	18	1,100
146	389	6	12	0,930
147	148	12	36	1,080
147	762	16	32	1,100
148	149	15	15	1,470
148	302	20	20	0,810
149	150	16	16	0,960
149	994	15	15	1,400
150	151	20	60	0,760
150	667	9	9	1,400
151	152	25	25	1,360
151	546	23	69	1,490
152	153	16	16	0,900
152	870	16	48	0,840
153	154	2	6	1,200
153	270	2	6	0,970
154	155	15	45	0,900
154	972	8	24	1,030
155	156	16	32	1,060
155	880	3	6	0,930
156	157	23	23	0,850
156	357	8	16	0,780
157	158	25	25	0,840
157	928	16	48	1,260
158	159	8	24	0,900
158	683	14	42	0,930
159	160	13	26	0,960
159	289	14	14	1,390
160	161	1	3	1,430
160	213	15	15	0,750
161	162	9	9	1,210
161	763	17	17	0,880
162	163	11	22	1,020
162	390	24	72	1,070
163	164	13	13	1,060
163	930	4	8	1,420
164	165	7	7	1,360
164	354	20	60	0,990
165	166	16	32	0,980
165	735	3	3	1,090
166	167	4	4	0,760
166	213	2	2	1,380
167	168	22	44	0,830
167	406	18	54	1,100
168	169	8	16	1,470
168	465	4	8	0,780
169	170	13	13	0,770
169	305	14	14	1,020
170	171	15	45	1,330
170	726	16	32	1,300
171	172	6	12	0,940
171	987	22	44	1,460
172	173	25	75	0,820
172	595	13	26	0,820
173	174	7	21	1,280
173	892	25	50	1,180
174	175	2	4	0,840
174	735	23	46	1,080
175	176	4	4	1,110
175	886	22	44	1,330
176	177	11	33	0,880
176	694	7	14	1,000
177	178	18	54	1,230
177	339	17	17	1,420
178	179	19	38	0,970
178	197	11	22	1,190
179	180	9	27	0,820
179	646	18	18	1,420
180	181	17	34	1,050
180	555	2	2	0,830
181	182	16	32	1,070
181	664	18	18	1,250
182	183	15	30	1,080
182	403	11	11	0,890
183	184	21	42	1,310
183	774	18	18	1,280
184	185	7	21	1,230
184	630	18	18	0,900
185	186	15	15	1,150
185	561	22	22	1,000
186	187	20	40	0,860
186	217	21	42	1,180
187	188	14	14	1,270
187	368	17	17	0,990
188	189	22	44	1,120
188	1000	16	48	0,930
189	190	1	3	1,460
189	872	19	57	1,170
190	191	11	22	0,830
190	982	5	10	1,070
191	192	14	14	1,030
191	622	11	22	1,010
192	193	8	8	1,180
192	503	25	75	0,770
193	194	16	32	1,140
193	882	16	48	1,030
194	195	3	3	0,750
194	752	17	51	1,240
195	196	19	19	0,780
195	601	12	24	0,990
196	197	18	18	0,930
196	605	21	21	0,810
197	198	20	40	1,290
197	487	11	22	1,270
198	199	23	46	1,280
198	849	9	18	0,780
199	200	13	39	1,350
199	689	9	18	1,470
200	201	7	21	1,060
200	796	22	44	0,880
201	202	4	12	1,010
201	345	12	24	0,830
202	203	17	17	0,850
202	666	25	25	1,320
203	204	22	66	1,160
203	274	23	69	1,290
204	205	23	69	1,050
204	369	8	8	1,130
205	206	8	8	0,750
205	614	9	18	1,100
206	207	3	3	1,210
206	642	13	39	1,110
207	208	8	16	0,960
207	246	2	6	1,450
208	209	4	4	1,220
208	264	20	20	1,140
209	210	3	6	0,920
209	926	9	9	0,830
210	211	9	18	1,040
210	432	15	15	0,970
211	212	22	22	1,500
211	968	10	20	0,800
212	213	24	48	1,420
212	342	5	5	1,490
213	214	15	15	1,490
213	821	18	36	0,930
214	215	6	18	0,810
214	327	21	63	1,310
215	216	18	18	1,170
215	433	6	6	1,150
216	217	3	9	0,780
216	537	20	60	1,500
217	218	15	45	1,170
217	472	14	14	1,200
218	219	4	4	0,910
218	753	10	10	1,250
219	220	19	19	1,420
219	950	4	4	1,310
220	221	12	12	1,280
220	558	16	16	0,750
221	222	5	15	1,170
221	370	13	13	1,460
222	223	12	36	1,190
222	287	17	34	0,970
223	224	18	54	1,010
223	669	23	69	1,080
224	225	16	32	0,780
224	720	12	36	0,760
225	226	25	25	1,350
225	699	10	30	1,400
226	227	8	24	1,070
226	253	21	63	0,940
227	228	9	18	1,170
227	692	8	24	0,910
228	229	23	69	0,950
228	317	14	14	1,320
229	230	21	21	1,150
229	895	14	14	1,120
230	231	20	40	0,980
230	520	11	22	0,760
231	232	24	72	1,120
231	764	5	15	1,160
232	233	2	6	1,250
232	842	24	24	0,890
233	234	25	50	0,790
233	425	19	57	1,460
234	235	11	11	1,080
234	454	18	54	0,970
235	236	21	21	1,270
235	628	23	46	0,850
236	237	10	30	0,890
236	978	1	2	1,370
237	238	6	12	0,800
237	346	3	9	1,000
238	239	19	57	0,900
238	824	4	12	1,310
239	240	2	2	1,320
239	654	12	24	1,170
240	241	14	14	1,430
240	922	17	17	1,110
241	242	4	8	1,220
241	974	1	1	1,290
242	243	19	19	0,760
242	952	4	4	0,910
243	244	3	9	1,140
243	420	1	1	1,170
244	245	6	18	0,850
244	649	3	9	1,210
245	246	4	8	1,080
245	951	9	9	0,840
246	247	16	48	1,470
246	815	7	7	1,490
247	248	2	2	1,120
247	552	2	4	0,790
248	249	5	5	1,250
248	735	4	8	0,940
249	250	21	63	0,760
249	849	10	10	1,160
250	251	14	14	1,490
250	516	2	6	1,450
251	252	9	27	1,180
251	323	13	26	0,750
252	253	8	24	1,030
252	839	5	10	0,760
253	254	9	9	1,450
253	778	15	30	1,300
254	255	14	28	1,480
254	994	19	19	1,360
255	256	6	18	1,270
255	361	2	2	1,080
256	257	11	22	1,470
256	671	24	48	1,100
257	258	1	3	1,270
257	678	8	16	0,960
258	259	2	4	1,310
258	641	3	3	0,910
259	260	25	50	0,870
259	861	17	51	1,000
260	261	16	32	1,320
260	299	7	7	1,390
261	262	13	39	0,930
261	472	21	63	1,380
262	263	6	6	0,750
262	531	19	38	1,500
263	264	22	66	1,200
263	640	11	33	1,150
264	265	11	11	1,320
264	477	15	45	1,120
265	266	13	39	1,420
265	590	6	6	1,460
266	267	6	12	1,190
266	463	8	16	1,170
267	268	5	5	1,020
267	776	21	42	1,230
268	269	7	7	1,360
268	442	4	4	1,420
269	270	8	16	1,180
269	468	9	27	1,130
270	271	1	3	1,320
270	938	3	9	0,810
271	272	10	10	0,750
271	574	8	24	1,120
272	273	4	12	0,920
272	821	6	12	1,500
273	274	11	22	1,210
273	280	24	48	1,170
274	275	3	3	0,950
274	987	6	12	1,470
275	276	3	9	1,210
275	589	17	17	1,000
276	277	25	50	1,460
276	386	11	11	1,140
277	278	16	32	1,120
277	564	12	24	1,440
278	279	9	9	1,230
278	885	11	33	1,450
279	280	2	2	1,070
279	280	5	5	0,780
280	281	15	30	0,810
280	799	3	9	1,450
281	282	6	6	1,190
281	767	12	12	1,100
282	283	15	30	0,810
282	656	15	45	0,780
283	284	20	60	1,260
283	484	16	16	0,780
284	285	22	44	0,960
284	506	19	38	1,130
285	286	10	20	0,900
285	325	8	16	0,930
286	287	18	36	1,060
286	990	11	11	1,140
287	288	21	21	1,450
287	950	24	48	0,840
288	289	25	25	1,000
288	371	24	48	0,910
289	290	14	14	1,180
289	729	21	42	0,990
290	291	19	57	1,150
290	603	7	7	1,290
291	292	4	8	0,800
291	393	5	5	1,310
292	293	2	2	1,250
292	565	10	30	1,310
293	294	3	9	1,260
293	558	7	14	1,340
294	295	23	46	1,160
294	649	1	1	1,100
295	296	19	19	0,920
295	620	21	21	1,230
296	297	22	44	0,940
296	750	17	17	1,000
297	298	10	20	0,890
297	518	5	15	1,480
298	299	12	12	1,280
298	938	20	60	1,210
299	300	12	24	0,840
299	864	8	16	1,280
300	301	12	12	1,040
300	388	7	7	1,370
301	302	4	4	1,260
301	526	6	12	1,260
302	303	17	51	0,920
302	466	5	15	1,210
303	304	12	24	0,820
303	396	4	12	0,980
304	305	2	6	1,140
304	874	22	22	1,060
305	306	24	48	0,870
305	821	15	45	0,850
306	307	17	51	1,490
306	513	5	10	1,470
307	308	1	2	1,070
307	802	22	22	0,790
308	309	11	33	1,270
308	666	16	16	1,000
309	310	9	9	1,310
309	460	18	36	0,900
310	311	23	23	1,430
310	557	10	30	0,850
311	312	7	14	1,310
311	702	16	32	1,240
312	313	21	63	0,820
312	525	10	10	0,850
313	314	20	40	0,850
313	658	14	14	1,460
314	315	17	34	1,420
314	402	5	5	1,260
315	316	23	46	1,060
315	492	2	4	1,230
316	317	19	19	1,490
316	918	16	32	0,950
317	318	2	2	1,090
317	724	14	14	1,240
318	319	23	46	0,850
318	534	11	11	1,150
319	320	1	1	1,240
319	323	5	15	1,030
320	321	12	12	0,990
320	965	17	51	0,930
321	322	24	72	0,980
321	996	14	28	1,050
322	323	9	9	0,750
322	703	12	12	1,180
323	324	3	9	0,910
323	842	8	16	1,270
324	325	12	12	1,490
324	864	15	15	0,770
325	326	21	21	0,920
325	910	1	3	1,040
326	327	21	42	0,920
326	510	7	7	0,960
327	328	4	12	1,130
327	964	18	36	1,270
328	329	25	25	1,250
328	960	18	18	1,400
329	330	24	72	1,320
329	988	9	18	0,800
330	331	10	20	0,910
330	787	25	50	1,490
331	332	17	51	1,120
331	942	2	6	0,780
332	333	6	6	1,030
332	523	2	2	1,080
333	334	21	42	1,310
333	906	23	69	1,360
334	335	20	60	0,820
334	364	13	26	1,060
335	336	9	27	0,880
335	975	17	34	0,850
336	337	3	6	0,790
336	951	20	20	0,750
337	338	16	32	1,350
337	939	14	28	1,370
338	339	20	40	1,430
338	495	23	46	1,330
339	340	13	39	1,470
339	740	18	54	1,010
340	341	12	24	1,260
340	867	1	1	1,310
341	342	7	14	1,190
341	406	6	12	1,340
342	343	15	45	1,380
342	606	6	6	1,300
343	344	5	10	1,360
343	496	5	10	1,200
344	345	15	45	1,280
344	994	21	21	0,870
345	346	3	6	1,270
345	709	13	26	1,220
346	347	24	48	1,190
346	836	13	13	0,970
347	348	8	8	1,210
347	618	6	12	0,830
348	349	6	18	1,280
348	501	22	66	1,330
349	350	2	2	1,460
349	673	18	54	0,780
350	351	12	36	1,290
350	974	7	14	1,050
351	352	16	48	1,280
351	376	21	21	0,970
352	353	16	48	1,060
352	947	4	4	1,330
353	354	1	2	0,960
353	543	3	9	1,110
354	355	12	36	1,100
354	783	19	57	1,380
355	356	16	16	1,400
355	838	11	11	1,170
356	357	14	42	1,350
356	554	21	63	1,030
357	358	9	18	1,500
357	515	4	4	1,180
358	359	4	12	0,810
358	489	20	60	1,320
359	360	25	75	1,420
359	577	8	8	0,980
360	361	8	24	1,030
360	919	7	7	1,350
361	362	2	4	1,070
361	950	22	22	1,440
362	363	6	6	0,840
362	715	16	16	0,820
363	364	21	63	0,760
363	725	8	8	0,880
364	365	8	24	1,240
364	762	3	3	1,120
365	366	23	23	1,320
365	468	2	6	1,240
366	367	25	25	1,440
366	926	5	10	0,880
367	368	6	6	1,160
367	650	9	18	1,220
368	369	18	54	1,050
368	437	6	18	1,190
369	370	11	11	1,140
369	860	24	48	1,370
370	371	22	22	1,140
370	549	4	4	0,890
371	372	13	39	0,940
371	896	22	22	1,310
372	373	3	6	0,900
372	480	1	2	1,120
373	374	16	16	1,140
373	427	2	4	1,150
374	375	2	6	1,000
374	469	2	2	0,910
375	376	5	5	1,010
375	670	4	12	1,070
376	377	15	45	0,860
376	383	5	10	1,460
377	378	12	12	0,920
377	397	15	30	0,780
378	379	22	66	0,880
378	677	6	12	1,340
379	380	25	25	1,020
379	627	17	51	1,320
380	381	25	75	1,410
380	976	4	8	0,850
381	382	22	22	0,990
381	730	18	54	0,940
382	383	2	2	1,100
382	447	18	18	0,760
383	384	5	10	1,240
383	862	7	21	0,940
384	385	25	50	1,100
384	951	13	39	1,420
385	386	3	3	0,940
385	957	1	1	1,320
386	387	3	9	1,010
386	499	1	1	1,150
387	388	9	27	1,010
387	482	20	60	1,170
388	389	7	21	0,920
388	463	2	6	0,860
389	390	23	23	1,080
389	677	24	72	0,870
390	391	21	63	1,090
390	486	22	22	1,370
391	392	4	12	1,320
391	520	17	34	1,060
392	393	17	51	1,040
392	608	13	26	0,800
393	394	3	6	0,840
393	905	2	2	0,790
394	395	6	18	1,180
394	669	22	66	1,370
395	396	22	22	1,390
395	637	20	20	0,970
396	397	12	36	1,220
396	907	25	75	1,110
397	398	7	21	1,350
397	543	20	60	1,250
398	399	20	20	1,380
398	532	18	54	1,100
399	400	1	2	1,410
399	510	3	9	1,300
400	401	16	16	0,840
400	921	1	3	1,280
401	402	12	36	1,140
401	576	5	5	0,940
402	403	11	22	1,160
402	418	21	63	0,980
403	404	12	12	0,900
403	1000	7	21	0,940
404	405	11	22	1,040
404	473	24	72	0,890
405	406	1	3	0,850
405	952	5	15	0,980
406	407	8	24	1,000
406	919	21	63	1,180
407	408	9	27	1,040
407	779	11	33	1,460
408	409	5	5	0,960
408	462	11	33	1,390
409	410	6	12	0,820
409	888	13	39	1,500
410	411	12	36	0,950
410	683	7	7	0,760
411	412	1	3	1,490
411	596	7	21	1,140
412	413	24	72	1,110
412	655	25	75	1,150
413	414	22	22	1,000
413	777	9	9	0,990
414	415	2	4	1,300
414	480	18	54	1,430
415	416	4	4	0,980
415	549	4	8	0,960
416	417	20	20	1,260
416	590	4	4	1,270
417	418	3	9	1,480
417	461	22	22	1,320
418	419	14	42	0,990
418	730	21	63	1,210
419	420	6	12	1,050
419	632	16	32	1,390
420	421	1	3	0,890
420	817	23	23	0,810
421	422	10	30	1,280
421	799	19	38	1,420
422	423	20	20	0,910
422	540	5	5	1,070
423	424	8	8	0,860
423	723	1	3	1,250
424	425	12	24	0,760
424	658	19	38	1,120
425	426	23	69	1,060
425	518	24	48	0,800
426	427	16	48	0,750
426	847	22	44	1,320
427	428	21	63	0,830
427	834	9	27	1,380
428	429	4	4	1,430
428	684	25	75	1,270
429	430	10	10	0,900
429	590	25	50	1,420
430	431	9	9	1,260
430	604	5	10	0,840
431	432	3	3	1,110
431	561	10	30	0,760
432	433	19	19	1,000
432	574	7	7	1,240
433	434	7	7	1,260
433	537	18	54	1,130
434	435	11	22	0,990
434	669	2	4	1,110
435	436	1	3	0,960
435	500	21	63	1,410
436	437	25	25	1,080
436	932	19	57	1,380
437	438	7	21	0,780
437	642	1	3	1,370
438	439	18	36	1,310
438	672	3	6	1,050
439	440	3	3	1,390
439	472	16	48	1,080
440	441	24	72	0,940
440	538	20	60	1,030
441	442	6	18	0,770
441	587	6	6	0,800
442	443	16	16	0,910
442	972	16	16	1,070
443	444	9	27	0,860
443	986	17	17	1,290
444	445	21	42	1,290
444	948	7	7	0,790
445	446	13	13	1,270
445	485	5	5	1,360
446	447	19	57	1,260
446	886	17	51	0,750
447	448	18	54	1,060
447	955	20	60	1,370
448	449	24	24	1,390
448	743	12	24	0,830
449	450	21	42	1,190
449	719	9	9	1,360
450	451	21	63	1,280
450	671	25	50	1,400
451	452	18	36	0,960
451	869	15	15	0,780
452	453	6	6	1,020
452	539	25	25	0,870
453	454	1	1	0,910
453	875	11	11	0,850
454	455	3	3	1,200
454	895	14	42	1,030
455	456	6	6	0,840
455	906	19	19	1,430
456	457	6	6	1,040
456	912	8	8	0,790
457	458	21	63	1,180
457	634	14	28	1,060
458	459	4	8	0,820
458	956	7	14	0,780
459	460	13	26	0,900
459	471	17	17	1,260
460	461	7	7	1,370
460	883	20	60	1,340
461	462	14	14	1,490
461	496	25	25	0,880
462	463	16	16	0,840
462	728	24	24	1,400
463	464	21	63	1,360
463	790	9	18	0,960
464	465	13	13	1,060
464	469	5	10	0,800
465	466	23	23	0,770
465	580	19	38	1,160
466	467	1	2	1,200
466	590	16	32	0,850
467	468	9	18	1,140
467	972	13	39	0,780
468	469	10	10	1,270
468	640	11	22	0,860
469	470	15	15	0,790
469	878	3	6	1,270
470	471	13	13	0,880
470	673	22	66	1,300
471	472	4	12	1,340
471	545	21	21	1,120
472	473	1	2	1,270
472	726	24	48	0,930
473	474	17	51	1,300
473	608	24	48	1,200
474	475	12	12	0,830
474	1000	5	10	1,480
475	476	18	36	1,330
475	759	17	34	1,350
476	477	23	46	1,020
476	534	17	34	1,320
477	478	21	63	1,250
477	966	14	42	0,810
478	479	13	39	1,310
478	746	8	16	1,180
479	480	19	19	1,080
479	697	12	24	0,820
480	481	8	16	0,890
480	567	14	14	1,300
481	482	21	21	0,990
481	514	21	63	1,100
482	483	11	33	0,900
482	735	6	18	0,850
483	484	17	34	1,430
483	553	16	48	1,170
484	485	4	4	0,830
484	983	22	66	1,440
485	486	25	25	1,160
485	601	25	50	1,490
486	487	12	36	1,470
486	746	20	20	0,980
487	488	13	26	1,440
487	715	18	36	1,060
488	489	14	14	1,390
488	991	14	28	0,800
489	490	21	63	1,000
489	936	20	40	0,850
490	491	14	42	1,320
490	594	4	12	1,130
491	492	9	27	1,380
491	979	8	24	1,390
492	493	3	6	1,500
492	749	13	13	1,150
493	494	24	48	1,220
493	984	23	69	1,380
494	495	1	2	1,430
494	802	2	4	1,260
495	496	4	8	0,900
495	871	20	60	1,140
496	497	25	50	1,320
496	636	1	3	1,220
497	498	3	6	1,120
497	815	10	30	1,360
498	499	9	18	1,300
498	738	15	15	1,170
499	500	4	12	1,500
499	564	16	48	0,830
500	501	20	60	0,910
500	528	12	36	1,480
501	502	8	24	1,250
501	536	18	36	1,430
502	503	23	69	0,940
502	545	4	8	1,390
503	504	1	3	1,060
503	965	25	50	1,130
504	505	4	8	1,010
504	988	12	24	1,020
505	506	11	33	1,060
505	928	7	14	1,010
506	507	21	42	1,240
506	654	2	2	1,020
507	508	24	48	1,470
507	808	18	36	1,130
508	509	12	24	1,360
508	758	21	63	0,870
509	510	3	6	1,400
509	548	12	12	1,360
510	511	12	12	1,460
510	842	10	10	1,080
511	512	15	45	1,100
511	711	17	51	0,940
512	513	17	34	1,300
512	727	23	69	0,940
513	514	10	20	0,750
513	517	8	24	1,380
514	515	3	3	1,330
514	687	11	22	0,920
515	516	18	18	1,090
515	835	2	2	0,840
516	517	13	39	0,890
516	728	24	24	1,080
517	518	14	28	1,110
517	732	14	14	1,080
518	519	20	40	1,000
518	834	1	1	1,070
519	520	18	54	1,090
519	582	23	23	0,790
520	521	19	19	1,110
520	742	1	3	1,120
521	522	5	15	1,440
521	645	2	4	0,950
522	523	12	24	1,150
522	747	1	2	1,050
523	524	5	5	1,170
523	855	12	12	1,360
524	525	8	8	1,140
524	578	19	57	1,060
525	526	24	48	1,350
525	708	10	30	1,050
526	527	7	14	0,940
526	755	21	21	1,460
527	528	25	50	1,310
527	814	17	17	0,920
528	529	22	22	1,080
528	593	1	3	1,240
529	530	3	6	1,010
529	575	7	14	1,270
530	531	6	12	0,850
530	562	21	42	0,810
531	532	17	17	0,920
531	714	17	51	1,500
532	533	25	75	0,800
532	864	20	60	1,400
533	534	17	17	1,260
533	552	7	7	1,340
534	535	9	18	1,440
534	913	23	46	0,750
535	536	5	5	1,470
535	821	23	69	0,870
536	537	2	6	1,060
536	944	2	2	1,340
537	538	21	63	1,150
537	948	1	1	1,480
538	539	20	40	0,850
538	852	19	57	1,490
539	540	25	25	0,790
539	994	22	22	1,270
540	541	3	9	1,400
540	807	16	48	1,350
541	542	9	27	0,770
541	802	6	12	1,320
542	543	17	17	1,330
542	590	11	22	0,810
543	544	22	22	1,400
543	550	23	69	1,190
544	545	4	8	0,750
544	714	21	21	0,830
545	546	22	22	1,280
545	834	13	26	0,770
546	547	9	27	1,070
546	627	8	24	1,230
547	548	6	18	0,890
547	636	4	4	1,480
548	549	7	21	1,450
548	624	16	32	0,750
549	550	24	72	1,270
549	938	25	50	1,070
550	551	1	2	0,760
550	710	2	4	1,250
551	552	7	14	1,400
551	804	24	72	0,810
552	553	6	12	0,980
552	993	25	25	1,130
553	554	23	23	1,150
553	725	13	26	1,110
554	555	19	57	0,950
554	559	7	14	1,160
555	556	8	16	1,210
555	569	9	9	1,320
556	557	25	75	1,260
556	938	10	20	0,850
557	558	15	30	1,140
557	910	16	48	1,470
558	559	13	39	1,440
558	873	12	12	1,350
559	560	11	22	0,980
559	810	21	63	1,400
560	561	6	6	0,970
560	886	17	17	0,810
561	562	12	24	0,870
561	604	13	39	1,130
562	563	11	33	0,830
562	604	12	12	1,430
563	564	18	18	1,370
563	902	1	2	1,240
564	565	22	22	1,070
564	773	20	60	1,340
565	566	10	30	0,930
565	615	5	5	1,480
566	567	2	6	1,080
566	829	23	46	0,770
567	568	7	14	0,770
567	794	17	34	0,840
568	569	19	57	1,480
568	846	7	7	1,200
569	570	19	38	1,250
569	834	16	48	0,880
570	571	9	18	1,350
570	655	25	75	1,190
571	572	10	10	0,940
571	600	25	75	1,210
572	573	4	4	1,490
572	773	23	69	1,490
573	574	20	40	1,430
573	600	20	40	1,390
574	575	21	42	1,440
574	742	25	50	1,100
575	576	14	28	1,310
575	937	22	22	1,040
576	577	9	18	1,210
576	911	24	48	0,760
577	578	6	6	1,470
577	632	4	4	1,220
578	579	17	17	1,180
578	700	15	45	1,180
579	580	16	32	0,910
579	723	8	24	1,260
580	581	18	36	1,400
580	702	7	7	0,970
581	582	4	8	1,040
581	691	14	14	0,850
582	583	10	30	1,070
582	759	7	7	1,210
583	584	15	15	0,910
583	592	19	57	1,410
584	585	12	36	1,270
584	894	13	39	0,990
585	586	19	57	0,990
585	936	12	12	0,840
586	587	4	12	1,500
586	651	10	30	1,430
587	588	12	12	1,190
587	904	2	6	1,420
588	589	9	18	1,010
588	867	4	12	1,230
589	590	5	15	0,920
589	952	2	2	0,840
590	591	21	63	1,040
590	985	20	20	0,750
591	592	24	24	1,030
591	704	23	23	1,210
592	593	12	12	1,370
592	669	23	46	1,040
593	594	3	6	1,280
593	741	1	1	1,470
594	595	14	42	1,380
594	897	7	14	1,220
595	596	19	19	1,040
595	811	19	19	1,390
596	597	2	2	1,000
596	984	5	10	1,490
597	598	8	24	0,900
597	950	18	18	1,460
598	599	14	28	1,090
598	981	5	5	1,130
599	600	17	17	1,270
599	614	13	39	0,820
600	601	20	40	1,250
600	959	21	21	1,240
601	602	4	12	0,950
601	977	25	50	1,480
602	603	15	15	1,500
602	722	8	8	1,320
603	604	18	54	1,240
603	889	16	16	0,770
604	605	18	54	0,860
604	961	20	60	0,790
605	606	25	25	1,400
605	859	1	3	1,100
606	607	9	27	0,790
606	843	8	24	0,970
607	608	18	18	0,900
607	854	24	72	0,820
608	609	14	28	0,970
608	714	4	4	1,390
609	610	22	22	0,920
609	871	14	28	0,800
610	611	22	66	0,790
610	669	12	12	0,870
611	612	22	66	1,350
611	921	6	18	1,500
612	613	10	30	1,190
612	981	15	15	1,260
613	614	3	6	1,320
613	767	12	24	1,060
614	615	14	14	0,900
614	698	12	36	1,420
615	616	1	3	0,880
615	771	3	6	0,910
616	617	13	39	1,470
616	829	12	12	1,070
617	618	19	19	0,760
617	959	23	46	1,160
618	619	25	50	1,340
618	954	7	14	1,080
619	620	9	18	0,970
619	848	12	12	0,870
620	621	11	33	1,040
620	710	7	21	1,500
621	622	24	48	1,370
621	907	10	10	0,990
622	623	25	50	0,850
622	762	10	30	1,230
623	624	18	36	1,050
623	654	23	23	1,010
624	625	21	21	1,490
624	653	25	50	1,410
625	626	6	6	1,430
625	832	22	44	0,940
626	627	22	44	0,880
626	950	9	18	1,160
627	628	20	60	1,210
627	729	21	63	1,440
628	629	24	72	1,230
628	737	23	46	1,280
629	630	18	36	1,220
629	891	16	16	1,480
630	631	23	23	1,340
630	708	11	11	1,090
631	632	4	4	1,480
631	880	24	24	0,830
632	633	11	33	0,810
632	914	9	18	1,160
633	634	21	63	1,310
633	909	10	30	1,150
634	635	7	21	1,060
634	722	5	5	0,900
635	636	20	60	1,190
635	976	8	24	0,840
636	637	10	20	1,050
636	919	13	39	1,380
637	638	21	63	1,180
637	933	1	2	0,970
638	639	8	8	1,300
638	647	10	20	1,100
639	640	25	25	1,320
639	694	2	6	1,230
640	641	19	38	1,100
640	781	22	66	1,030
641	642	14	28	0,770
641	885	5	15	1,130
642	643	9	27	0,890
642	711	4	12	0,960
643	644	3	3	0,990
643	764	15	30	0,890
644	645	4	4	1,230
644	987	15	30	1,330
645	646	14	42	1,230
645	960	5	10	1,010
646	647	12	24	1,040
646	809	19	19	1,470
647	648	17	51	1,340
647	836	5	5	0,900
648	649	5	5	0,980
648	707	21	42	1,440
649	650	19	38	1,360
649	994	12	12	1,290
650	651	15	45	0,930
650	754	9	9	0,860
651	652	1	3	0,950
651	798	13	39	0,970
652	653	16	48	1,130
652	955	1	2	1,310
653	654	8	8	1,460
653	975	19	57	1,090
654	655	3	6	1,270
654	762	11	22	1,380
655	656	20	40	1,260
655	749	2	4	1,380
656	657	18	36	1,050
656	684	6	18	1,260
657	658	3	9	1,190
657	994	25	25	0,820
658	659	1	2	1,110
658	817	19	38	0,770
659	660	10	10	1,130
659	842	9	9	1,220
660	661	8	24	1,070
660	893	12	24	1,070
661	662	7	21	0,830
661	983	17	17	0,920
662	663	6	12	1,150
662	991	8	16	0,840
663	664	15	45	0,820
663	738	5	15	1,100
664	665	17	34	1,130
664	698	9	27	1,220
665	666	14	42	0,940
665	894	17	51	1,110
666	667	20	60	1,080
666	678	8	8	0,990
667	668	7	21	1,190
667	807	7	14	1,230
668	669	9	18	1,270
668	804	6	18	1,170
669	670	14	14	1,140
669	894	13	26	1,280
670	671	15	45	0,970
670	954	11	33	0,750
671	672	18	54	1,370
671	834	13	13	0,970
672	673	17	17	1,030
672	745	14	28	1,240
673	674	13	39	1,350
673	937	14	28	0,770
674	675	5	15	1,110
674	769	3	6	1,260
675	676	8	24	0,930
675	851	24	24	0,960
676	677	6	12	1,450
676	924	13	26	1,140
677	678	6	18	1,430
677	714	2	2	1,450
678	679	2	4	1,060
678	799	4	12	0,910
679	680	12	12	0,810
679	685	23	23	1,290
680	681	5	10	0,970
680	764	11	22	0,880
681	682	9	9	0,990
681	818	25	25	1,410
682	683	20	20	1,020
682	772	9	27	1,030
683	684	25	25	1,070
683	685	10	20	1,060
684	685	2	4	0,920
684	943	12	36	0,880
685	686	16	16	1,290
685	789	13	39	1,280
686	687	21	42	0,800
686	962	21	21	0,800
687	688	23	23	1,500
687	705	7	14	1,190
688	689	2	2	1,400
688	988	19	19	0,930
689	690	3	3	0,850
689	867	18	36	1,060
690	691	11	22	0,870
690	807	14	14	1,450
691	692	25	50	1,340
691	824	15	45	1,090
692	693	17	34	1,020
692	825	10	20	1,030
693	694	19	19	0,960
693	746	15	15	0,900
694	695	25	25	0,890
694	892	22	44	0,760
695	696	24	24	0,820
695	730	18	36	0,820
696	697	3	3	1,430
696	881	15	45	0,930
697	698	13	13	1,420
697	702	20	20	1,480
698	699	23	46	0,800
698	877	14	28	1,450
699	700	20	40	1,050
699	723	3	6	1,370
700	701	16	48	1,300
700	980	22	22	1,070
701	702	10	20	0,920
701	748	8	8	1,400
702	703	6	6	0,770
702	982	11	11	1,280
703	704	5	10	1,030
703	950	9	9	1,310
704	705	21	21	1,040
704	889	19	57	1,170
705	706	24	48	1,050
705	713	11	11	1,360
706	707	17	51	1,280
706	801	25	25	0,980
707	708	20	20	0,850
707	960	12	24	1,230
708	709	21	21	0,990
708	879	18	18	1,490
709	710	24	72	0,790
709	746	6	12	1,140
710	711	16	16	0,960
710	794	12	36	1,200
711	712	8	8	1,190
711	986	19	57	0,830
712	713	23	23	1,040
712	759	11	11	0,790
713	714	4	4	1,490
713	791	12	24	1,360
714	715	6	18	1,360
714	887	3	6	1,240
715	716	10	10	1,020
715	868	2	4	1,210
716	717	3	3	1,460
716	919	1	1	1,410
717	718	14	28	1,270
717	755	13	39	1,130
718	719	23	46	1,480
718	869	10	10	0,890
719	720	14	42	1,290
719	924	1	1	1,350
720	721	2	4	1,020
720	900	2	4	1,340
721	722	20	60	0,880
721	811	22	66	0,760
722	723	10	30	1,360
722	761	10	10	1,000
723	724	11	11	1,170
723	753	23	46	1,240
724	725	24	48	1,240
724	913	22	66	1,380
725	726	9	18	1,200
725	942	25	25	0,820
726	727	22	44	1,100
726	963	17	51	0,860
727	728	19	38	0,790
727	990	24	24	1,150
728	729	2	4	1,490
728	957	24	24	1,160
729	730	4	4	1,320
729	805	24	72	1,380
730	731	1	1	1,220
730	823	2	2	0,910
731	732	24	48	0,830
731	888	13	39	1,090
732	733	8	16	1,030
732	933	11	11	0,930
733	734	11	33	1,360
733	740	15	15	1,400
734	735	2	4	0,960
734	754	16	48	0,910
735	736	23	23	0,880
735	810	13	13	1,190
736	737	1	2	1,040
736	782	18	36	1,320
737	738	20	60	1,300
737	803	10	20	1,320
738	739	8	8	1,110
738	765	12	12	1,430
739	740	10	20	0,840
739	799	10	20	1,030
740	741	21	63	1,250
740	1000	18	36	1,300
741	742	23	69	0,880
741	973	12	12	0,800
742	743	12	36	0,810
742	943	6	18	1,260
743	744	1	1	1,110
743	885	14	42	1,400
744	745	13	39	1,110
744	832	21	42	1,030
745	746	12	12	1,310
745	994	3	3	1,090
746	747	25	75	1,460
746	895	24	48	1,200
747	748	25	75	0,830
747	995	20	20	0,860
748	749	13	39	1,240
748	783	9	27	1,340
749	750	9	27	1,300
749	887	21	42	1,160
750	751	22	66	1,090
750	948	8	24	1,140
751	752	14	14	1,270
751	765	14	42	1,360
752	753	22	44	1,030
752	777	8	16	1,180
753	754	14	14	1,280
753	928	13	39	1,020
754	755	16	48	1,040
754	810	5	5	1,400
755	756	3	6	1,340
755	969	1	2	1,040
756	757	23	69	0,820
756	874	25	50	1,080
757	758	4	12	0,960
757	954	14	28	1,450
758	759	12	36	1,160
758	861	5	10	0,840
759	760	21	42	1,460
759	890	25	75	1,010
760	761	9	18	0,880
760	956	16	48	1,130
761	762	15	45	0,750
761	816	7	14	1,190
762	763	24	48	1,290
762	997	10	20	0,880
763	764	3	3	1,260
763	840	5	5	1,390
764	765	9	27	1,350
764	834	18	54	1,190
765	766	14	14	1,180
765	997	9	27	1,310
766	767	11	11	0,960
766	776	18	18	1,000
767	768	23	69	0,760
767	988	16	48	1,270
768	769	8	8	1,490
768	974	19	57	0,930
769	770	2	6	0,750
769	862	12	36	0,970
770	771	7	7	0,990
770	807	13	39	0,800
771	772	8	16	1,400
771	933	22	44	0,850
772	773	12	36	1,390
772	773	7	21	1,340
773	774	4	8	0,860
773	995	12	24	1,170
774	775	18	54	1,400
774	903	19	38	1,400
775	776	5	10	1,170
775	902	23	46	1,330
776	777	18	36	1,170
776	832	15	45	1,010
777	778	5	10	1,380
777	937	7	14	1,210
778	779	4	8	1,290
778	938	10	20	1,400
779	780	18	18	1,110
779	900	5	15	0,900
780	781	22	22	1,360
780	934	13	26	0,970
781	782	7	21	0,940
781	848	18	54	1,460
782	783	1	1	1,040
782	929	6	12	0,800
783	784	12	12	1,420
783	915	17	34	1,000
784	785	13	13	1,440
784	859	9	27	1,060
785	786	14	28	1,160
785	938	21	21	1,370
786	787	18	36	1,380
786	875	22	22	1,270
787	788	6	6	0,790
787	931	10	10	1,000
788	789	25	75	1,200
788	885	9	18	1,330
789	790	19	19	0,970
789	917	3	3	0,860
790	791	25	25	1,240
790	880	4	12	1,450
791	792	25	25	0,760
791	868	23	69	0,750
792	793	23	69	1,180
792	852	23	23	1,460
793	794	23	69	1,420
793	897	6	18	1,360
794	795	14	28	1,450
794	838	23	69	1,080
795	796	11	22	1,410
795	919	17	34	0,760
796	797	2	6	1,490
796	803	18	36	0,760
797	798	7	14	0,870
797	868	9	27	1,060
798	799	3	6	1,380
798	925	2	6	1,140
799	800	6	6	1,360
799	901	14	14	1,470
800	801	2	2	0,960
800	914	5	15	1,040
801	802	17	51	0,960
801	889	18	18	0,790
802	803	15	15	0,960
802	827	9	18	1,080
803	804	2	2	1,200
803	839	23	69	1,110
804	805	18	18	0,760
804	944	16	16	1,340
805	806	9	27	1,420
805	958	24	72	1,380
806	807	25	50	0,940
806	868	18	18	0,920
807	808	19	19	1,150
807	848	20	20	1,300
808	809	5	10	1,430
808	874	22	22	1,360
809	810	15	30	1,330
809	943	17	51	1,220
810	811	13	13	1,300
810	887	15	15	0,850
811	812	21	63	1,060
811	962	25	75	1,420
812	813	5	10	1,490
812	919	6	12	0,810
813	814	7	14	1,200
813	982	4	4	1,070
814	815	24	72	1,230
814	853	19	19	1,300
815	816	10	30	1,010
815	996	15	45	1,130
816	817	22	22	1,170
816	893	12	24	0,940
817	818	14	42	1,350
817	902	22	22	1,470
818	819	15	15	1,300
818	877	18	18	0,900
819	820	16	32	1,430
819	866	11	11	1,410
820	821	7	21	1,390
820	917	15	15	1,260
821	822	22	22	0,800
821	912	16	32	0,830
822	823	5	5	1,000
822	838	9	9	1,480
823	824	25	25	1,270
823	994	7	14	1,500
824	825	2	2	0,770
824	950	12	12	1,140
825	826	12	12	1,480
825	927	19	38	1,330
826	827	18	54	1,230
826	866	6	12	1,200
827	828	13	13	1,170
827	846	8	8	1,200
828	829	9	27	1,100
828	951	22	44	1,100
829	830	4	8	0,960
829	852	19	19	1,490
830	831	11	33	1,010
830	839	20	60	0,890
831	832	4	4	1,460
831	902	2	2	0,890
832	833	2	2	1,270
832	895	19	57	0,820
833	834	7	14	1,420
833	860	20	60	1,370
834	835	23	69	1,500
834	991	5	10	1,160
835	836	19	19	1,470
835	995	20	60	1,240
836	837	7	14	0,760
836	949	24	72	1,210
837	838	7	7	0,830
837	996	1	2	1,200
838	839	23	23	1,330
838	957	20	20	0,980
839	840	25	75	1,320
839	874	21	63	1,340
840	841	21	42	1,310
840	932	17	17	1,050
841	842	5	15	1,280
841	998	6	6	0,890
842	843	7	21	1,300
842	960	22	66	1,420
843	844	1	1	1,050
843	861	5	15	1,050
844	845	17	17	1,260
844	950	13	13	1,060
845	846	21	42	0,940
845	876	9	18	1,120
846	847	19	38	0,860
846	950	20	20	1,360
847	848	20	20	1,310
847	996	12	24	1,370
848	849	13	13	0,750
848	950	7	7	1,490
849	850	17	34	1,040
849	904	25	50	1,490
850	851	15	15	1,070
850	978	20	40	1,390
851	852	8	16	1,150
851	922	21	42	0,750
852	853	2	2	1,100
852	916	1	3	0,980
853	854	12	36	1,330
853	882	21	63	1,090
854	855	16	16	0,770
854	978	10	10	1,390
855	856	19	19	1,410
855	878	3	9	0,950
856	857	20	60	1,420
856	921	2	6	1,120
857	858	10	10	1,210
857	880	18	36	1,480
858	859	25	50	1,110
858	916	5	5	0,780
859	860	25	50	1,340
859	881	5	5	0,890
860	861	9	9	0,950
860	975	23	69	0,800
861	862	21	63	0,880
861	924	7	21	1,380
862	863	17	34	1,460
862	887	22	22	0,910
863	864	23	23	1,240
863	871	5	15	1,110
864	865	20	60	0,930
864	956	1	2	0,900
865	866	11	33	0,850
865	922	14	28	1,480
866	867	18	54	0,940
866	980	13	39	0,810
867	868	2	6	1,470
867	955	5	5	0,820
868	869	8	8	1,070
868	995	19	19	0,750
869	870	17	17	0,840
869	905	22	44	0,900
870	871	13	39	1,440
870	993	9	27	0,750
871	872	9	18	1,220
871	977	13	39	1,490
872	873	12	36	0,930
872	906	6	18	1,260
873	874	10	30	1,310
873	908	4	12	1,300
874	875	20	60	1,370
874	888	7	14	1,460
875	876	19	57	1,430
875	980	2	4	0,770
876	877	10	10	1,420
876	978	25	50	0,940
877	878	18	54	1,300
877	959	21	21	1,200
878	879	14	28	0,810
878	930	22	66	0,900
879	880	5	5	1,170
879	941	9	27	1,010
880	881	22	44	0,830
880	997	25	75	1,000
881	882	15	15	0,810
881	901	8	8	1,490
882	883	7	14	1,310
882	925	7	7	1,310
883	884	13	13	1,270
883	921	9	9	1,480
884	885	2	2	0,820
884	954	13	39	1,310
885	886	19	38	0,900
885	897	8	24	1,170
886	887	21	63	1,080
886	976	12	12	1,350
887	888	4	12	1,380
887	922	3	6	0,960
888	889	25	75	1,270
888	902	7	21	1,020
889	890	15	15	1,330
889	955	3	6	1,390
890	891	5	15	1,300
890	958	10	20	0,940
891	892	6	18	1,170
891	999	20	60	1,000
892	893	8	8	1,040
892	996	14	28	1,240
893	894	1	2	1,170
893	917	19	57	1,270
894	895	5	10	1,350
894	902	22	22	1,440
895	896	23	69	0,880
895	1000	15	45	1,140
896	897	24	48	0,760
896	943	24	24	0,950
897	898	20	40	1,360
897	950	19	38	1,420
898	899	16	32	1,220
898	901	4	8	1,470
899	900	23	46	1,100
899	980	16	32	0,880
900	901	17	51	0,850
900	985	14	42	1,140
901	902	21	21	1,270
901	991	18	18	1,170
902	903	7	14	1,130
902	981	24	24	0,930
903	904	3	6	0,990
903	918	24	48	1,400
904	905	1	2	0,810
904	969	5	15	1,440
905	906	15	15	1,420
905	970	15	30	0,990
906	907	13	13	1,320
906	931	24	72	1,020
907	908	7	14	0,910
907	973	16	16	1,350
908	909	23	69	1,060
908	932	21	63	1,370
909	910	11	11	1,350
909	978	9	9	0,900
910	911	10	30	1,330
910	997	5	10	1,410
911	912	4	8	1,350
911	985	22	66	0,780
912	913	25	75	1,250
912	934	25	50	1,110
913	914	11	22	1,090
913	979	20	60	1,050
914	915	24	72	0,900
914	960	15	45	1,330
915	916	13	39	0,840
915	984	2	6	0,980
916	917	6	6	1,060
916	961	5	15	1,320
917	918	7	21	1,440
917	946	15	15	1,400
918	919	19	19	1,400
918	978	9	27	0,950
919	920	2	6	1,450
919	993	12	36	0,940
920	921	12	36	0,860
920	963	18	18	1,290
921	922	5	10	1,460
921	955	18	54	1,280
922	923	4	4	0,900
922	966	16	48	0,880
923	924	19	38	1,000
923	955	1	2	1,270
924	925	20	20	0,980
924	939	5	10	1,490
925	926	2	6	1,480
925	935	8	24	1,270
926	927	19	38	1,410
926	957	23	46	0,930
927	928	19	57	0,850
927	936	2	4	1,130
928	929	2	4	0,910
928	931	16	48	1,300
929	930	14	28	1,020
929	959	17	34	1,350
930	931	1	3	1,380
930	933	19	57	0,870
931	932	4	8	1,440
931	946	9	9	1,330
932	933	22	66	0,910
932	943	12	36	0,950
933	934	21	21	1,090
933	937	15	45	1,400
934	935	18	18	1,040
934	998	11	11	1,380
935	936	25	25	1,010
935	979	12	36	0,800
936	937	7	14	1,140
936	996	1	1	1,140
937	938	13	26	1,340
937	980	22	66	1,460
938	939	3	6	1,030
938	977	2	4	1,140
939	940	3	3	1,260
939	973	18	54	1,370
940	941	2	6	0,810
940	995	12	12	1,090
941	942	7	7	1,130
941	960	14	28	1,310
942	943	7	14	1,170
942	974	4	12	1,200
943	944	18	54	0,930
943	995	10	30	1,230
944	945	11	22	1,270
944	963	15	30	0,750
945	946	7	7	1,180
945	975	17	34	1,100
946	947	15	45	1,360
946	956	24	72	0,870
947	948	2	6	1,210
947	997	14	42	1,380
948	949	4	12	1,280
948	975	1	2	1,130
949	950	3	9	1,410
949	959	14	14	1,430
950	951	1	3	1,130
950	982	8	24	1,230
951	952	25	75	1,360
951	995	4	8	1,440
952	953	3	3	1,450
952	989	3	3	0,880
953	954	14	14	0,850
953	954	9	27	1,120
954	955	22	44	0,850
954	971	5	10	0,950
955	956	4	8	1,120
955	985	16	32	1,290
956	957	20	60	0,770
956	992	17	51	1,480
957	958	10	10	1,060
957	958	15	30	1,270
958	959	4	8	0,810
958	984	22	66	1,460
959	960	7	7	1,290
959	963	7	21	1,060
960	961	24	24	0,870
960	961	24	72	1,380
961	962	11	22	1,420
961	973	24	72	1,250
962	963	6	12	1,160
962	976	9	27	1,400
963	964	21	63	1,120
963	992	18	54	0,890
964	965	23	23	1,200
964	996	22	44	1,200
965	966	22	66	1,160
965	994	5	10	1,310
966	967	1	3	1,220
966	1000	17	17	1,310
967	968	6	18	0,780
967	974	12	36	0,850
968	969	15	30	0,800
968	1000	8	24	1,030
969	970	4	8	1,130
969	999	18	18	0,780
970	971	5	5	1,230
970	986	12	36	0,920
971	972	3	9	1,400
971	987	17	17	1,250
972	973	1	1	1,230
972	1000	7	7	0,870
973	974	20	40	1,480
973	984	2	6	1,070
974	975	6	12	1,190
974	999	4	8	1,410
975	976	3	6	1,470
975	980	24	48	1,350
976	977	23	46	0,860
976	982	6	12	1,400
977	978	12	36	1,390
977	989	7	14	1,060
978	979	21	42	0,940
978	980	3	3	1,120
979	980	1	1	0,850
979	986	3	6	1,180
980	981	5	15	1,260
980	985	23	23	1,430
981	982	15	30	0,880
981	988	5	10	0,890
982	983	7	14	1,220
982	994	3	9	1,380
983	984	14	14	0,810
983	998	17	51	0,890
984	985	24	48	0,770
984	995	5	15	1,180
985	986	22	44	1,130
985	991	11	11	1,280
986	987	9	27	1,460
986	988	2	6	1,420
987	988	1	2	0,990
987	992	22	44	1,470
988	989	12	36	0,810
988	996	4	4	0,990
989	990	22	66	1,330
989	997	5	5	1,340
990	991	19	38	1,230
990	995	16	16	0,800
991	992	24	24	1,240
991	1000	9	9	0,960
992	993	4	8	1,000
992	999	13	39	1,180
993	994	19	57	1,440
993	994	6	18	1,480
994	995	11	11	0,950
994	999	6	12	1,200
995	996	12	24	1,030
995	997	22	22	0,940
996	997	10	30	0,820
996	997	24	24	0,960
997	998	23	69	1,280
997	998	14	42	0,800
998	999	16	16	1,390
998	999	25	50	1,420
999	1000	20	40	1,130
999	1000	11	11	0,970
1000	1	5	15	0,820
1000	5	3	3	1,080